[LEFT_CAM_2K]
fx=1401.55
fy=1401.55
cx=1167.61
cy=686.513
k1=-0.171462
k2=0.0233999
p1=0
p2=0
k3=0

[RIGHT_CAM_2K]
fx=1398.6
fy=1398.6
cx=1171.36
cy=663.66
k1=-0.17057
k2=0.0242594
p1=0
p2=0
k3=0

[LEFT_CAM_FHD]
fx=1401.55
fy=1401.55
cx=1023.61
cy=605.513
k1=-0.171462
k2=0.0233999
p1=0
p2=0
k3=0

[RIGHT_CAM_FHD]
fx=1398.6
fy=1398.6
cx=1027.36
cy=582.66
k1=-0.17057
k2=0.0242594
p1=0
p2=0
k3=0

[LEFT_CAM_HD]
fx=700.775
fy=700.775
cx=670.305
cy=391.2565
k1=-0.171462
k2=0.0233999
p1=0
p2=0
k3=0

[RIGHT_CAM_HD]
fx=699.3
fy=699.3
cx=672.18
cy=379.83
k1=-0.17057
k2=0.0242594
p1=0
p2=0
k3=0

[LEFT_CAM_VGA]
fx=350.3875
fy=350.3875
cx=350.6525
cy=203.12825
k1=-0.171462
k2=0.0233999
p1=0
p2=0
k3=0

[RIGHT_CAM_VGA]
fx=349.65
fy=349.65
cx=351.59
cy=197.415
k1=-0.17057
k2=0.0242594
p1=0
p2=0
k3=0

[STEREO]
Baseline=120
TY=0
TZ=0
CV_2K=0.0165409
CV_FHD=0.0165409
CV_HD=0.0165409
CV_VGA=0.0165409
RX_2K=-0.015048
RX_FHD=-0.015048
RX_HD=-0.015048
RX_VGA=-0.015048
RZ_2K=1.09444e-05
RZ_FHD=1.09444e-05
RZ_HD=1.09444e-05
RZ_VGA=1.09444e-05

[MISC]
Sensor_ID=0
