[LEFT_CAM_2K]
fx=1067.48
fy=1067.71
cx=1098.24
cy=598.851
k1=-0.0505995
k2=0.0234989
p1=-0.000209323
p2=0.000280742
k3=-0.00970133

[RIGHT_CAM_2K]
fx=1071.32
fy=1071.44
cx=1116.34
cy=628.174
k1=-0.0515577
k2=0.0225884
p1=0.000155493
p2=0.000351104
k3=-0.00881086

[LEFT_CAM_FHD]
fx=1067.48
fy=1067.71
cx=954.24
cy=517.851
k1=-0.0505995
k2=0.0234989
p1=-0.000209323
p2=0.000280742
k3=-0.00970133

[RIGHT_CAM_FHD]
fx=1071.32
fy=1071.44
cx=972.34
cy=547.174
k1=-0.0515577
k2=0.0225884
p1=0.000155493
p2=0.000351104
k3=-0.00881086

[LEFT_CAM_HD]
fx=533.74
fy=533.855
cx=635.62
cy=347.4255
k1=-0.0505995
k2=0.0234989
p1=-0.000209323
p2=0.000280742
k3=-0.00970133

[RIGHT_CAM_HD]
fx=535.66
fy=535.72
cx=644.67
cy=362.087
k1=-0.0515577
k2=0.0225884
p1=0.000155493
p2=0.000351104
k3=-0.00881086

[LEFT_CAM_VGA]
fx=266.87
fy=266.9275
cx=333.31
cy=181.21275
k1=-0.0505995
k2=0.0234989
p1=-0.000209323
p2=0.000280742
k3=-0.00970133

[RIGHT_CAM_VGA]
fx=267.83
fy=267.86
cx=337.835
cy=188.5435
k1=-0.0515577
k2=0.0225884
p1=0.000155493
p2=0.000351104
k3=-0.00881086

[LEFT_DISTO]
k1=-1.06728
k2=2.13626
k3=0.131221
k4=-0.972378
k5=1.98954
k6=0.282981
p1=-0.000252953
p2=0.000414078

[RIGHT_DISTO]
k1=-1.20335
k2=2.64088
k3=0.128715
k4=-1.10738
k5=2.48996
k6=0.303062
p1=8.13776e-05
p2=0.000124272

[STEREO]
Baseline=119.918
TY=-0.0194522
TZ=-0.216608
CV_2K=-0.0009255
CV_FHD=-0.0009255
CV_HD=-0.0009255
CV_VGA=-0.0009255
RX_2K=0.00139514
RX_FHD=0.00139514
RX_HD=0.00139514
RX_VGA=0.00139514
RZ_2K=0.000346172
RZ_FHD=0.000346172
RZ_HD=0.000346172
RZ_VGA=0.000346172

[MISC]
Sensor_ID=0
